mu_Mratio 1 10000
lambda_Mratio 10001 20000
Mratio[1] 20001 30000
Mratio[2] 30001 40000
Mratio[3] 40001 50000
Mratio[4] 50001 60000
Mratio[5] 60001 70000
Mratio[6] 70001 80000
Mratio[7] 80001 90000
Mratio[8] 90001 100000
Mratio[9] 100001 110000
Mratio[10] 110001 120000
cS1[1,1] 120001 130000
cS1[2,1] 130001 140000
cS1[3,1] 140001 150000
cS1[4,1] 150001 160000
cS1[5,1] 160001 170000
cS1[6,1] 170001 180000
cS1[7,1] 180001 190000
cS1[8,1] 190001 200000
cS1[9,1] 200001 210000
cS1[10,1] 210001 220000
cS1[1,2] 220001 230000
cS1[2,2] 230001 240000
cS1[3,2] 240001 250000
cS1[4,2] 250001 260000
cS1[5,2] 260001 270000
cS1[6,2] 270001 280000
cS1[7,2] 280001 290000
cS1[8,2] 290001 300000
cS1[9,2] 300001 310000
cS1[10,2] 310001 320000
cS1[1,3] 320001 330000
cS1[2,3] 330001 340000
cS1[3,3] 340001 350000
cS1[4,3] 350001 360000
cS1[5,3] 360001 370000
cS1[6,3] 370001 380000
cS1[7,3] 380001 390000
cS1[8,3] 390001 400000
cS1[9,3] 400001 410000
cS1[10,3] 410001 420000
cS2[1,1] 420001 430000
cS2[2,1] 430001 440000
cS2[3,1] 440001 450000
cS2[4,1] 450001 460000
cS2[5,1] 460001 470000
cS2[6,1] 470001 480000
cS2[7,1] 480001 490000
cS2[8,1] 490001 500000
cS2[9,1] 500001 510000
cS2[10,1] 510001 520000
cS2[1,2] 520001 530000
cS2[2,2] 530001 540000
cS2[3,2] 540001 550000
cS2[4,2] 550001 560000
cS2[5,2] 560001 570000
cS2[6,2] 570001 580000
cS2[7,2] 580001 590000
cS2[8,2] 590001 600000
cS2[9,2] 600001 610000
cS2[10,2] 610001 620000
cS2[1,3] 620001 630000
cS2[2,3] 630001 640000
cS2[3,3] 640001 650000
cS2[4,3] 650001 660000
cS2[5,3] 660001 670000
cS2[6,3] 670001 680000
cS2[7,3] 680001 690000
cS2[8,3] 690001 700000
cS2[9,3] 700001 710000
cS2[10,3] 710001 720000
deviance 720001 730000
