d1[1] 1 10000
d1[2] 10001 20000
d1[3] 20001 30000
d1[4] 30001 40000
d1[5] 40001 50000
d1[6] 50001 60000
d1[7] 60001 70000
d1[8] 70001 80000
d1[9] 80001 90000
d1[10] 90001 100000
d1[11] 100001 110000
d1[12] 110001 120000
d1[13] 120001 130000
d1[14] 130001 140000
d1[15] 140001 150000
d1[16] 150001 160000
d1[17] 160001 170000
d1[18] 170001 180000
d1[19] 180001 190000
d1[20] 190001 200000
d1[21] 200001 210000
d1[22] 210001 220000
d1[23] 220001 230000
d1[24] 230001 240000
d1[25] 240001 250000
d1[26] 250001 260000
d1[27] 260001 270000
d1[28] 270001 280000
d1[29] 280001 290000
d1[30] 290001 300000
c[1] 300001 310000
c[2] 310001 320000
c[3] 320001 330000
c[4] 330001 340000
c[5] 340001 350000
c[6] 350001 360000
c[7] 360001 370000
c[8] 370001 380000
c[9] 380001 390000
c[10] 390001 400000
c[11] 400001 410000
c[12] 410001 420000
c[13] 420001 430000
c[14] 430001 440000
c[15] 440001 450000
c[16] 450001 460000
c[17] 460001 470000
c[18] 470001 480000
c[19] 480001 490000
c[20] 490001 500000
c[21] 500001 510000
c[22] 510001 520000
c[23] 520001 530000
c[24] 530001 540000
c[25] 540001 550000
c[26] 550001 560000
c[27] 560001 570000
c[28] 570001 580000
c[29] 580001 590000
c[30] 590001 600000
mu_Mratio 600001 610000
sigma_Mratio 610001 620000
Mratio[1] 620001 630000
Mratio[2] 630001 640000
Mratio[3] 640001 650000
Mratio[4] 650001 660000
Mratio[5] 660001 670000
Mratio[6] 670001 680000
Mratio[7] 680001 690000
Mratio[8] 690001 700000
Mratio[9] 700001 710000
Mratio[10] 710001 720000
Mratio[11] 720001 730000
Mratio[12] 730001 740000
Mratio[13] 740001 750000
Mratio[14] 750001 760000
Mratio[15] 760001 770000
Mratio[16] 770001 780000
Mratio[17] 780001 790000
Mratio[18] 790001 800000
Mratio[19] 800001 810000
Mratio[20] 810001 820000
Mratio[21] 820001 830000
Mratio[22] 830001 840000
Mratio[23] 840001 850000
Mratio[24] 850001 860000
Mratio[25] 860001 870000
Mratio[26] 870001 880000
Mratio[27] 880001 890000
Mratio[28] 890001 900000
Mratio[29] 900001 910000
Mratio[30] 910001 920000
cS1[1,1] 920001 930000
cS1[2,1] 930001 940000
cS1[3,1] 940001 950000
cS1[4,1] 950001 960000
cS1[5,1] 960001 970000
cS1[6,1] 970001 980000
cS1[7,1] 980001 990000
cS1[8,1] 990001 1000000
cS1[9,1] 1000001 1010000
cS1[10,1] 1010001 1020000
cS1[11,1] 1020001 1030000
cS1[12,1] 1030001 1040000
cS1[13,1] 1040001 1050000
cS1[14,1] 1050001 1060000
cS1[15,1] 1060001 1070000
cS1[16,1] 1070001 1080000
cS1[17,1] 1080001 1090000
cS1[18,1] 1090001 1100000
cS1[19,1] 1100001 1110000
cS1[20,1] 1110001 1120000
cS1[21,1] 1120001 1130000
cS1[22,1] 1130001 1140000
cS1[23,1] 1140001 1150000
cS1[24,1] 1150001 1160000
cS1[25,1] 1160001 1170000
cS1[26,1] 1170001 1180000
cS1[27,1] 1180001 1190000
cS1[28,1] 1190001 1200000
cS1[29,1] 1200001 1210000
cS1[30,1] 1210001 1220000
cS1[1,2] 1220001 1230000
cS1[2,2] 1230001 1240000
cS1[3,2] 1240001 1250000
cS1[4,2] 1250001 1260000
cS1[5,2] 1260001 1270000
cS1[6,2] 1270001 1280000
cS1[7,2] 1280001 1290000
cS1[8,2] 1290001 1300000
cS1[9,2] 1300001 1310000
cS1[10,2] 1310001 1320000
cS1[11,2] 1320001 1330000
cS1[12,2] 1330001 1340000
cS1[13,2] 1340001 1350000
cS1[14,2] 1350001 1360000
cS1[15,2] 1360001 1370000
cS1[16,2] 1370001 1380000
cS1[17,2] 1380001 1390000
cS1[18,2] 1390001 1400000
cS1[19,2] 1400001 1410000
cS1[20,2] 1410001 1420000
cS1[21,2] 1420001 1430000
cS1[22,2] 1430001 1440000
cS1[23,2] 1440001 1450000
cS1[24,2] 1450001 1460000
cS1[25,2] 1460001 1470000
cS1[26,2] 1470001 1480000
cS1[27,2] 1480001 1490000
cS1[28,2] 1490001 1500000
cS1[29,2] 1500001 1510000
cS1[30,2] 1510001 1520000
cS1[1,3] 1520001 1530000
cS1[2,3] 1530001 1540000
cS1[3,3] 1540001 1550000
cS1[4,3] 1550001 1560000
cS1[5,3] 1560001 1570000
cS1[6,3] 1570001 1580000
cS1[7,3] 1580001 1590000
cS1[8,3] 1590001 1600000
cS1[9,3] 1600001 1610000
cS1[10,3] 1610001 1620000
cS1[11,3] 1620001 1630000
cS1[12,3] 1630001 1640000
cS1[13,3] 1640001 1650000
cS1[14,3] 1650001 1660000
cS1[15,3] 1660001 1670000
cS1[16,3] 1670001 1680000
cS1[17,3] 1680001 1690000
cS1[18,3] 1690001 1700000
cS1[19,3] 1700001 1710000
cS1[20,3] 1710001 1720000
cS1[21,3] 1720001 1730000
cS1[22,3] 1730001 1740000
cS1[23,3] 1740001 1750000
cS1[24,3] 1750001 1760000
cS1[25,3] 1760001 1770000
cS1[26,3] 1770001 1780000
cS1[27,3] 1780001 1790000
cS1[28,3] 1790001 1800000
cS1[29,3] 1800001 1810000
cS1[30,3] 1810001 1820000
cS2[1,1] 1820001 1830000
cS2[2,1] 1830001 1840000
cS2[3,1] 1840001 1850000
cS2[4,1] 1850001 1860000
cS2[5,1] 1860001 1870000
cS2[6,1] 1870001 1880000
cS2[7,1] 1880001 1890000
cS2[8,1] 1890001 1900000
cS2[9,1] 1900001 1910000
cS2[10,1] 1910001 1920000
cS2[11,1] 1920001 1930000
cS2[12,1] 1930001 1940000
cS2[13,1] 1940001 1950000
cS2[14,1] 1950001 1960000
cS2[15,1] 1960001 1970000
cS2[16,1] 1970001 1980000
cS2[17,1] 1980001 1990000
cS2[18,1] 1990001 2000000
cS2[19,1] 2000001 2010000
cS2[20,1] 2010001 2020000
cS2[21,1] 2020001 2030000
cS2[22,1] 2030001 2040000
cS2[23,1] 2040001 2050000
cS2[24,1] 2050001 2060000
cS2[25,1] 2060001 2070000
cS2[26,1] 2070001 2080000
cS2[27,1] 2080001 2090000
cS2[28,1] 2090001 2100000
cS2[29,1] 2100001 2110000
cS2[30,1] 2110001 2120000
cS2[1,2] 2120001 2130000
cS2[2,2] 2130001 2140000
cS2[3,2] 2140001 2150000
cS2[4,2] 2150001 2160000
cS2[5,2] 2160001 2170000
cS2[6,2] 2170001 2180000
cS2[7,2] 2180001 2190000
cS2[8,2] 2190001 2200000
cS2[9,2] 2200001 2210000
cS2[10,2] 2210001 2220000
cS2[11,2] 2220001 2230000
cS2[12,2] 2230001 2240000
cS2[13,2] 2240001 2250000
cS2[14,2] 2250001 2260000
cS2[15,2] 2260001 2270000
cS2[16,2] 2270001 2280000
cS2[17,2] 2280001 2290000
cS2[18,2] 2290001 2300000
cS2[19,2] 2300001 2310000
cS2[20,2] 2310001 2320000
cS2[21,2] 2320001 2330000
cS2[22,2] 2330001 2340000
cS2[23,2] 2340001 2350000
cS2[24,2] 2350001 2360000
cS2[25,2] 2360001 2370000
cS2[26,2] 2370001 2380000
cS2[27,2] 2380001 2390000
cS2[28,2] 2390001 2400000
cS2[29,2] 2400001 2410000
cS2[30,2] 2410001 2420000
cS2[1,3] 2420001 2430000
cS2[2,3] 2430001 2440000
cS2[3,3] 2440001 2450000
cS2[4,3] 2450001 2460000
cS2[5,3] 2460001 2470000
cS2[6,3] 2470001 2480000
cS2[7,3] 2480001 2490000
cS2[8,3] 2490001 2500000
cS2[9,3] 2500001 2510000
cS2[10,3] 2510001 2520000
cS2[11,3] 2520001 2530000
cS2[12,3] 2530001 2540000
cS2[13,3] 2540001 2550000
cS2[14,3] 2550001 2560000
cS2[15,3] 2560001 2570000
cS2[16,3] 2570001 2580000
cS2[17,3] 2580001 2590000
cS2[18,3] 2590001 2600000
cS2[19,3] 2600001 2610000
cS2[20,3] 2610001 2620000
cS2[21,3] 2620001 2630000
cS2[22,3] 2630001 2640000
cS2[23,3] 2640001 2650000
cS2[24,3] 2650001 2660000
cS2[25,3] 2660001 2670000
cS2[26,3] 2670001 2680000
cS2[27,3] 2680001 2690000
cS2[28,3] 2690001 2700000
cS2[29,3] 2700001 2710000
cS2[30,3] 2710001 2720000
deviance 2720001 2730000
