mu_Mratio 1 10000
lambda_Mratio 10001 20000
mu_diff 20001 30000
lambda_diff 30001 40000
Mratio[1,1] 40001 50000
Mratio[2,1] 50001 60000
Mratio[3,1] 60001 70000
Mratio[4,1] 70001 80000
Mratio[5,1] 80001 90000
Mratio[6,1] 90001 100000
Mratio[7,1] 100001 110000
Mratio[8,1] 110001 120000
Mratio[9,1] 120001 130000
Mratio[10,1] 130001 140000
Mratio[1,2] 140001 150000
Mratio[2,2] 150001 160000
Mratio[3,2] 160001 170000
Mratio[4,2] 170001 180000
Mratio[5,2] 180001 190000
Mratio[6,2] 190001 200000
Mratio[7,2] 200001 210000
Mratio[8,2] 210001 220000
Mratio[9,2] 220001 230000
Mratio[10,2] 230001 240000
diff[1] 240001 250000
diff[2] 250001 260000
diff[3] 260001 270000
diff[4] 270001 280000
diff[5] 280001 290000
diff[6] 290001 300000
diff[7] 300001 310000
diff[8] 310001 320000
diff[9] 320001 330000
diff[10] 330001 340000
cS1[1,1,1] 340001 350000
cS1[2,1,1] 350001 360000
cS1[3,1,1] 360001 370000
cS1[4,1,1] 370001 380000
cS1[5,1,1] 380001 390000
cS1[6,1,1] 390001 400000
cS1[7,1,1] 400001 410000
cS1[8,1,1] 410001 420000
cS1[9,1,1] 420001 430000
cS1[10,1,1] 430001 440000
cS1[1,2,1] 440001 450000
cS1[2,2,1] 450001 460000
cS1[3,2,1] 460001 470000
cS1[4,2,1] 470001 480000
cS1[5,2,1] 480001 490000
cS1[6,2,1] 490001 500000
cS1[7,2,1] 500001 510000
cS1[8,2,1] 510001 520000
cS1[9,2,1] 520001 530000
cS1[10,2,1] 530001 540000
cS1[1,3,1] 540001 550000
cS1[2,3,1] 550001 560000
cS1[3,3,1] 560001 570000
cS1[4,3,1] 570001 580000
cS1[5,3,1] 580001 590000
cS1[6,3,1] 590001 600000
cS1[7,3,1] 600001 610000
cS1[8,3,1] 610001 620000
cS1[9,3,1] 620001 630000
cS1[10,3,1] 630001 640000
cS1[1,1,2] 640001 650000
cS1[2,1,2] 650001 660000
cS1[3,1,2] 660001 670000
cS1[4,1,2] 670001 680000
cS1[5,1,2] 680001 690000
cS1[6,1,2] 690001 700000
cS1[7,1,2] 700001 710000
cS1[8,1,2] 710001 720000
cS1[9,1,2] 720001 730000
cS1[10,1,2] 730001 740000
cS1[1,2,2] 740001 750000
cS1[2,2,2] 750001 760000
cS1[3,2,2] 760001 770000
cS1[4,2,2] 770001 780000
cS1[5,2,2] 780001 790000
cS1[6,2,2] 790001 800000
cS1[7,2,2] 800001 810000
cS1[8,2,2] 810001 820000
cS1[9,2,2] 820001 830000
cS1[10,2,2] 830001 840000
cS1[1,3,2] 840001 850000
cS1[2,3,2] 850001 860000
cS1[3,3,2] 860001 870000
cS1[4,3,2] 870001 880000
cS1[5,3,2] 880001 890000
cS1[6,3,2] 890001 900000
cS1[7,3,2] 900001 910000
cS1[8,3,2] 910001 920000
cS1[9,3,2] 920001 930000
cS1[10,3,2] 930001 940000
cS2[1,1,1] 940001 950000
cS2[2,1,1] 950001 960000
cS2[3,1,1] 960001 970000
cS2[4,1,1] 970001 980000
cS2[5,1,1] 980001 990000
cS2[6,1,1] 990001 1000000
cS2[7,1,1] 1000001 1010000
cS2[8,1,1] 1010001 1020000
cS2[9,1,1] 1020001 1030000
cS2[10,1,1] 1030001 1040000
cS2[1,2,1] 1040001 1050000
cS2[2,2,1] 1050001 1060000
cS2[3,2,1] 1060001 1070000
cS2[4,2,1] 1070001 1080000
cS2[5,2,1] 1080001 1090000
cS2[6,2,1] 1090001 1100000
cS2[7,2,1] 1100001 1110000
cS2[8,2,1] 1110001 1120000
cS2[9,2,1] 1120001 1130000
cS2[10,2,1] 1130001 1140000
cS2[1,3,1] 1140001 1150000
cS2[2,3,1] 1150001 1160000
cS2[3,3,1] 1160001 1170000
cS2[4,3,1] 1170001 1180000
cS2[5,3,1] 1180001 1190000
cS2[6,3,1] 1190001 1200000
cS2[7,3,1] 1200001 1210000
cS2[8,3,1] 1210001 1220000
cS2[9,3,1] 1220001 1230000
cS2[10,3,1] 1230001 1240000
cS2[1,1,2] 1240001 1250000
cS2[2,1,2] 1250001 1260000
cS2[3,1,2] 1260001 1270000
cS2[4,1,2] 1270001 1280000
cS2[5,1,2] 1280001 1290000
cS2[6,1,2] 1290001 1300000
cS2[7,1,2] 1300001 1310000
cS2[8,1,2] 1310001 1320000
cS2[9,1,2] 1320001 1330000
cS2[10,1,2] 1330001 1340000
cS2[1,2,2] 1340001 1350000
cS2[2,2,2] 1350001 1360000
cS2[3,2,2] 1360001 1370000
cS2[4,2,2] 1370001 1380000
cS2[5,2,2] 1380001 1390000
cS2[6,2,2] 1390001 1400000
cS2[7,2,2] 1400001 1410000
cS2[8,2,2] 1410001 1420000
cS2[9,2,2] 1420001 1430000
cS2[10,2,2] 1430001 1440000
cS2[1,3,2] 1440001 1450000
cS2[2,3,2] 1450001 1460000
cS2[3,3,2] 1460001 1470000
cS2[4,3,2] 1470001 1480000
cS2[5,3,2] 1480001 1490000
cS2[6,3,2] 1490001 1500000
cS2[7,3,2] 1500001 1510000
cS2[8,3,2] 1510001 1520000
cS2[9,3,2] 1520001 1530000
cS2[10,3,2] 1530001 1540000
deviance 1540001 1550000
