d1[1] 1 10000
d1[2] 10001 20000
d1[3] 20001 30000
d1[4] 30001 40000
d1[5] 40001 50000
d1[6] 50001 60000
d1[7] 60001 70000
d1[8] 70001 80000
d1[9] 80001 90000
d1[10] 90001 100000
d1[11] 100001 110000
d1[12] 110001 120000
d1[13] 120001 130000
d1[14] 130001 140000
d1[15] 140001 150000
d1[16] 150001 160000
d1[17] 160001 170000
d1[18] 170001 180000
d1[19] 180001 190000
d1[20] 190001 200000
d1[21] 200001 210000
d1[22] 210001 220000
d1[23] 220001 230000
d1[24] 230001 240000
d1[25] 240001 250000
d1[26] 250001 260000
d1[27] 260001 270000
d1[28] 270001 280000
d1[29] 280001 290000
d1[30] 290001 300000
c1[1] 300001 310000
c1[2] 310001 320000
c1[3] 320001 330000
c1[4] 330001 340000
c1[5] 340001 350000
c1[6] 350001 360000
c1[7] 360001 370000
c1[8] 370001 380000
c1[9] 380001 390000
c1[10] 390001 400000
c1[11] 400001 410000
c1[12] 410001 420000
c1[13] 420001 430000
c1[14] 430001 440000
c1[15] 440001 450000
c1[16] 450001 460000
c1[17] 460001 470000
c1[18] 470001 480000
c1[19] 480001 490000
c1[20] 490001 500000
c1[21] 500001 510000
c1[22] 510001 520000
c1[23] 520001 530000
c1[24] 530001 540000
c1[25] 540001 550000
c1[26] 550001 560000
c1[27] 560001 570000
c1[28] 570001 580000
c1[29] 580001 590000
c1[30] 590001 600000
mu_logMratio 600001 610000
sigma_logMratio 610001 620000
mu_c2 620001 630000
sigma_c2 630001 640000
Mratio[1] 640001 650000
Mratio[2] 650001 660000
Mratio[3] 660001 670000
Mratio[4] 670001 680000
Mratio[5] 680001 690000
Mratio[6] 690001 700000
Mratio[7] 700001 710000
Mratio[8] 710001 720000
Mratio[9] 720001 730000
Mratio[10] 730001 740000
Mratio[11] 740001 750000
Mratio[12] 750001 760000
Mratio[13] 760001 770000
Mratio[14] 770001 780000
Mratio[15] 780001 790000
Mratio[16] 790001 800000
Mratio[17] 800001 810000
Mratio[18] 810001 820000
Mratio[19] 820001 830000
Mratio[20] 830001 840000
Mratio[21] 840001 850000
Mratio[22] 850001 860000
Mratio[23] 860001 870000
Mratio[24] 870001 880000
Mratio[25] 880001 890000
Mratio[26] 890001 900000
Mratio[27] 900001 910000
Mratio[28] 910001 920000
Mratio[29] 920001 930000
Mratio[30] 930001 940000
cS1[1,1] 940001 950000
cS1[2,1] 950001 960000
cS1[3,1] 960001 970000
cS1[4,1] 970001 980000
cS1[5,1] 980001 990000
cS1[6,1] 990001 1000000
cS1[7,1] 1000001 1010000
cS1[8,1] 1010001 1020000
cS1[9,1] 1020001 1030000
cS1[10,1] 1030001 1040000
cS1[11,1] 1040001 1050000
cS1[12,1] 1050001 1060000
cS1[13,1] 1060001 1070000
cS1[14,1] 1070001 1080000
cS1[15,1] 1080001 1090000
cS1[16,1] 1090001 1100000
cS1[17,1] 1100001 1110000
cS1[18,1] 1110001 1120000
cS1[19,1] 1120001 1130000
cS1[20,1] 1130001 1140000
cS1[21,1] 1140001 1150000
cS1[22,1] 1150001 1160000
cS1[23,1] 1160001 1170000
cS1[24,1] 1170001 1180000
cS1[25,1] 1180001 1190000
cS1[26,1] 1190001 1200000
cS1[27,1] 1200001 1210000
cS1[28,1] 1210001 1220000
cS1[29,1] 1220001 1230000
cS1[30,1] 1230001 1240000
cS1[1,2] 1240001 1250000
cS1[2,2] 1250001 1260000
cS1[3,2] 1260001 1270000
cS1[4,2] 1270001 1280000
cS1[5,2] 1280001 1290000
cS1[6,2] 1290001 1300000
cS1[7,2] 1300001 1310000
cS1[8,2] 1310001 1320000
cS1[9,2] 1320001 1330000
cS1[10,2] 1330001 1340000
cS1[11,2] 1340001 1350000
cS1[12,2] 1350001 1360000
cS1[13,2] 1360001 1370000
cS1[14,2] 1370001 1380000
cS1[15,2] 1380001 1390000
cS1[16,2] 1390001 1400000
cS1[17,2] 1400001 1410000
cS1[18,2] 1410001 1420000
cS1[19,2] 1420001 1430000
cS1[20,2] 1430001 1440000
cS1[21,2] 1440001 1450000
cS1[22,2] 1450001 1460000
cS1[23,2] 1460001 1470000
cS1[24,2] 1470001 1480000
cS1[25,2] 1480001 1490000
cS1[26,2] 1490001 1500000
cS1[27,2] 1500001 1510000
cS1[28,2] 1510001 1520000
cS1[29,2] 1520001 1530000
cS1[30,2] 1530001 1540000
cS1[1,3] 1540001 1550000
cS1[2,3] 1550001 1560000
cS1[3,3] 1560001 1570000
cS1[4,3] 1570001 1580000
cS1[5,3] 1580001 1590000
cS1[6,3] 1590001 1600000
cS1[7,3] 1600001 1610000
cS1[8,3] 1610001 1620000
cS1[9,3] 1620001 1630000
cS1[10,3] 1630001 1640000
cS1[11,3] 1640001 1650000
cS1[12,3] 1650001 1660000
cS1[13,3] 1660001 1670000
cS1[14,3] 1670001 1680000
cS1[15,3] 1680001 1690000
cS1[16,3] 1690001 1700000
cS1[17,3] 1700001 1710000
cS1[18,3] 1710001 1720000
cS1[19,3] 1720001 1730000
cS1[20,3] 1730001 1740000
cS1[21,3] 1740001 1750000
cS1[22,3] 1750001 1760000
cS1[23,3] 1760001 1770000
cS1[24,3] 1770001 1780000
cS1[25,3] 1780001 1790000
cS1[26,3] 1790001 1800000
cS1[27,3] 1800001 1810000
cS1[28,3] 1810001 1820000
cS1[29,3] 1820001 1830000
cS1[30,3] 1830001 1840000
cS1[1,4] 1840001 1850000
cS1[2,4] 1850001 1860000
cS1[3,4] 1860001 1870000
cS1[4,4] 1870001 1880000
cS1[5,4] 1880001 1890000
cS1[6,4] 1890001 1900000
cS1[7,4] 1900001 1910000
cS1[8,4] 1910001 1920000
cS1[9,4] 1920001 1930000
cS1[10,4] 1930001 1940000
cS1[11,4] 1940001 1950000
cS1[12,4] 1950001 1960000
cS1[13,4] 1960001 1970000
cS1[14,4] 1970001 1980000
cS1[15,4] 1980001 1990000
cS1[16,4] 1990001 2000000
cS1[17,4] 2000001 2010000
cS1[18,4] 2010001 2020000
cS1[19,4] 2020001 2030000
cS1[20,4] 2030001 2040000
cS1[21,4] 2040001 2050000
cS1[22,4] 2050001 2060000
cS1[23,4] 2060001 2070000
cS1[24,4] 2070001 2080000
cS1[25,4] 2080001 2090000
cS1[26,4] 2090001 2100000
cS1[27,4] 2100001 2110000
cS1[28,4] 2110001 2120000
cS1[29,4] 2120001 2130000
cS1[30,4] 2130001 2140000
cS1[1,5] 2140001 2150000
cS1[2,5] 2150001 2160000
cS1[3,5] 2160001 2170000
cS1[4,5] 2170001 2180000
cS1[5,5] 2180001 2190000
cS1[6,5] 2190001 2200000
cS1[7,5] 2200001 2210000
cS1[8,5] 2210001 2220000
cS1[9,5] 2220001 2230000
cS1[10,5] 2230001 2240000
cS1[11,5] 2240001 2250000
cS1[12,5] 2250001 2260000
cS1[13,5] 2260001 2270000
cS1[14,5] 2270001 2280000
cS1[15,5] 2280001 2290000
cS1[16,5] 2290001 2300000
cS1[17,5] 2300001 2310000
cS1[18,5] 2310001 2320000
cS1[19,5] 2320001 2330000
cS1[20,5] 2330001 2340000
cS1[21,5] 2340001 2350000
cS1[22,5] 2350001 2360000
cS1[23,5] 2360001 2370000
cS1[24,5] 2370001 2380000
cS1[25,5] 2380001 2390000
cS1[26,5] 2390001 2400000
cS1[27,5] 2400001 2410000
cS1[28,5] 2410001 2420000
cS1[29,5] 2420001 2430000
cS1[30,5] 2430001 2440000
cS1[1,6] 2440001 2450000
cS1[2,6] 2450001 2460000
cS1[3,6] 2460001 2470000
cS1[4,6] 2470001 2480000
cS1[5,6] 2480001 2490000
cS1[6,6] 2490001 2500000
cS1[7,6] 2500001 2510000
cS1[8,6] 2510001 2520000
cS1[9,6] 2520001 2530000
cS1[10,6] 2530001 2540000
cS1[11,6] 2540001 2550000
cS1[12,6] 2550001 2560000
cS1[13,6] 2560001 2570000
cS1[14,6] 2570001 2580000
cS1[15,6] 2580001 2590000
cS1[16,6] 2590001 2600000
cS1[17,6] 2600001 2610000
cS1[18,6] 2610001 2620000
cS1[19,6] 2620001 2630000
cS1[20,6] 2630001 2640000
cS1[21,6] 2640001 2650000
cS1[22,6] 2650001 2660000
cS1[23,6] 2660001 2670000
cS1[24,6] 2670001 2680000
cS1[25,6] 2680001 2690000
cS1[26,6] 2690001 2700000
cS1[27,6] 2700001 2710000
cS1[28,6] 2710001 2720000
cS1[29,6] 2720001 2730000
cS1[30,6] 2730001 2740000
cS1[1,7] 2740001 2750000
cS1[2,7] 2750001 2760000
cS1[3,7] 2760001 2770000
cS1[4,7] 2770001 2780000
cS1[5,7] 2780001 2790000
cS1[6,7] 2790001 2800000
cS1[7,7] 2800001 2810000
cS1[8,7] 2810001 2820000
cS1[9,7] 2820001 2830000
cS1[10,7] 2830001 2840000
cS1[11,7] 2840001 2850000
cS1[12,7] 2850001 2860000
cS1[13,7] 2860001 2870000
cS1[14,7] 2870001 2880000
cS1[15,7] 2880001 2890000
cS1[16,7] 2890001 2900000
cS1[17,7] 2900001 2910000
cS1[18,7] 2910001 2920000
cS1[19,7] 2920001 2930000
cS1[20,7] 2930001 2940000
cS1[21,7] 2940001 2950000
cS1[22,7] 2950001 2960000
cS1[23,7] 2960001 2970000
cS1[24,7] 2970001 2980000
cS1[25,7] 2980001 2990000
cS1[26,7] 2990001 3000000
cS1[27,7] 3000001 3010000
cS1[28,7] 3010001 3020000
cS1[29,7] 3020001 3030000
cS1[30,7] 3030001 3040000
cS1[1,8] 3040001 3050000
cS1[2,8] 3050001 3060000
cS1[3,8] 3060001 3070000
cS1[4,8] 3070001 3080000
cS1[5,8] 3080001 3090000
cS1[6,8] 3090001 3100000
cS1[7,8] 3100001 3110000
cS1[8,8] 3110001 3120000
cS1[9,8] 3120001 3130000
cS1[10,8] 3130001 3140000
cS1[11,8] 3140001 3150000
cS1[12,8] 3150001 3160000
cS1[13,8] 3160001 3170000
cS1[14,8] 3170001 3180000
cS1[15,8] 3180001 3190000
cS1[16,8] 3190001 3200000
cS1[17,8] 3200001 3210000
cS1[18,8] 3210001 3220000
cS1[19,8] 3220001 3230000
cS1[20,8] 3230001 3240000
cS1[21,8] 3240001 3250000
cS1[22,8] 3250001 3260000
cS1[23,8] 3260001 3270000
cS1[24,8] 3270001 3280000
cS1[25,8] 3280001 3290000
cS1[26,8] 3290001 3300000
cS1[27,8] 3300001 3310000
cS1[28,8] 3310001 3320000
cS1[29,8] 3320001 3330000
cS1[30,8] 3330001 3340000
cS1[1,9] 3340001 3350000
cS1[2,9] 3350001 3360000
cS1[3,9] 3360001 3370000
cS1[4,9] 3370001 3380000
cS1[5,9] 3380001 3390000
cS1[6,9] 3390001 3400000
cS1[7,9] 3400001 3410000
cS1[8,9] 3410001 3420000
cS1[9,9] 3420001 3430000
cS1[10,9] 3430001 3440000
cS1[11,9] 3440001 3450000
cS1[12,9] 3450001 3460000
cS1[13,9] 3460001 3470000
cS1[14,9] 3470001 3480000
cS1[15,9] 3480001 3490000
cS1[16,9] 3490001 3500000
cS1[17,9] 3500001 3510000
cS1[18,9] 3510001 3520000
cS1[19,9] 3520001 3530000
cS1[20,9] 3530001 3540000
cS1[21,9] 3540001 3550000
cS1[22,9] 3550001 3560000
cS1[23,9] 3560001 3570000
cS1[24,9] 3570001 3580000
cS1[25,9] 3580001 3590000
cS1[26,9] 3590001 3600000
cS1[27,9] 3600001 3610000
cS1[28,9] 3610001 3620000
cS1[29,9] 3620001 3630000
cS1[30,9] 3630001 3640000
cS2[1,1] 3640001 3650000
cS2[2,1] 3650001 3660000
cS2[3,1] 3660001 3670000
cS2[4,1] 3670001 3680000
cS2[5,1] 3680001 3690000
cS2[6,1] 3690001 3700000
cS2[7,1] 3700001 3710000
cS2[8,1] 3710001 3720000
cS2[9,1] 3720001 3730000
cS2[10,1] 3730001 3740000
cS2[11,1] 3740001 3750000
cS2[12,1] 3750001 3760000
cS2[13,1] 3760001 3770000
cS2[14,1] 3770001 3780000
cS2[15,1] 3780001 3790000
cS2[16,1] 3790001 3800000
cS2[17,1] 3800001 3810000
cS2[18,1] 3810001 3820000
cS2[19,1] 3820001 3830000
cS2[20,1] 3830001 3840000
cS2[21,1] 3840001 3850000
cS2[22,1] 3850001 3860000
cS2[23,1] 3860001 3870000
cS2[24,1] 3870001 3880000
cS2[25,1] 3880001 3890000
cS2[26,1] 3890001 3900000
cS2[27,1] 3900001 3910000
cS2[28,1] 3910001 3920000
cS2[29,1] 3920001 3930000
cS2[30,1] 3930001 3940000
cS2[1,2] 3940001 3950000
cS2[2,2] 3950001 3960000
cS2[3,2] 3960001 3970000
cS2[4,2] 3970001 3980000
cS2[5,2] 3980001 3990000
cS2[6,2] 3990001 4000000
cS2[7,2] 4000001 4010000
cS2[8,2] 4010001 4020000
cS2[9,2] 4020001 4030000
cS2[10,2] 4030001 4040000
cS2[11,2] 4040001 4050000
cS2[12,2] 4050001 4060000
cS2[13,2] 4060001 4070000
cS2[14,2] 4070001 4080000
cS2[15,2] 4080001 4090000
cS2[16,2] 4090001 4100000
cS2[17,2] 4100001 4110000
cS2[18,2] 4110001 4120000
cS2[19,2] 4120001 4130000
cS2[20,2] 4130001 4140000
cS2[21,2] 4140001 4150000
cS2[22,2] 4150001 4160000
cS2[23,2] 4160001 4170000
cS2[24,2] 4170001 4180000
cS2[25,2] 4180001 4190000
cS2[26,2] 4190001 4200000
cS2[27,2] 4200001 4210000
cS2[28,2] 4210001 4220000
cS2[29,2] 4220001 4230000
cS2[30,2] 4230001 4240000
cS2[1,3] 4240001 4250000
cS2[2,3] 4250001 4260000
cS2[3,3] 4260001 4270000
cS2[4,3] 4270001 4280000
cS2[5,3] 4280001 4290000
cS2[6,3] 4290001 4300000
cS2[7,3] 4300001 4310000
cS2[8,3] 4310001 4320000
cS2[9,3] 4320001 4330000
cS2[10,3] 4330001 4340000
cS2[11,3] 4340001 4350000
cS2[12,3] 4350001 4360000
cS2[13,3] 4360001 4370000
cS2[14,3] 4370001 4380000
cS2[15,3] 4380001 4390000
cS2[16,3] 4390001 4400000
cS2[17,3] 4400001 4410000
cS2[18,3] 4410001 4420000
cS2[19,3] 4420001 4430000
cS2[20,3] 4430001 4440000
cS2[21,3] 4440001 4450000
cS2[22,3] 4450001 4460000
cS2[23,3] 4460001 4470000
cS2[24,3] 4470001 4480000
cS2[25,3] 4480001 4490000
cS2[26,3] 4490001 4500000
cS2[27,3] 4500001 4510000
cS2[28,3] 4510001 4520000
cS2[29,3] 4520001 4530000
cS2[30,3] 4530001 4540000
cS2[1,4] 4540001 4550000
cS2[2,4] 4550001 4560000
cS2[3,4] 4560001 4570000
cS2[4,4] 4570001 4580000
cS2[5,4] 4580001 4590000
cS2[6,4] 4590001 4600000
cS2[7,4] 4600001 4610000
cS2[8,4] 4610001 4620000
cS2[9,4] 4620001 4630000
cS2[10,4] 4630001 4640000
cS2[11,4] 4640001 4650000
cS2[12,4] 4650001 4660000
cS2[13,4] 4660001 4670000
cS2[14,4] 4670001 4680000
cS2[15,4] 4680001 4690000
cS2[16,4] 4690001 4700000
cS2[17,4] 4700001 4710000
cS2[18,4] 4710001 4720000
cS2[19,4] 4720001 4730000
cS2[20,4] 4730001 4740000
cS2[21,4] 4740001 4750000
cS2[22,4] 4750001 4760000
cS2[23,4] 4760001 4770000
cS2[24,4] 4770001 4780000
cS2[25,4] 4780001 4790000
cS2[26,4] 4790001 4800000
cS2[27,4] 4800001 4810000
cS2[28,4] 4810001 4820000
cS2[29,4] 4820001 4830000
cS2[30,4] 4830001 4840000
cS2[1,5] 4840001 4850000
cS2[2,5] 4850001 4860000
cS2[3,5] 4860001 4870000
cS2[4,5] 4870001 4880000
cS2[5,5] 4880001 4890000
cS2[6,5] 4890001 4900000
cS2[7,5] 4900001 4910000
cS2[8,5] 4910001 4920000
cS2[9,5] 4920001 4930000
cS2[10,5] 4930001 4940000
cS2[11,5] 4940001 4950000
cS2[12,5] 4950001 4960000
cS2[13,5] 4960001 4970000
cS2[14,5] 4970001 4980000
cS2[15,5] 4980001 4990000
cS2[16,5] 4990001 5000000
cS2[17,5] 5000001 5010000
cS2[18,5] 5010001 5020000
cS2[19,5] 5020001 5030000
cS2[20,5] 5030001 5040000
cS2[21,5] 5040001 5050000
cS2[22,5] 5050001 5060000
cS2[23,5] 5060001 5070000
cS2[24,5] 5070001 5080000
cS2[25,5] 5080001 5090000
cS2[26,5] 5090001 5100000
cS2[27,5] 5100001 5110000
cS2[28,5] 5110001 5120000
cS2[29,5] 5120001 5130000
cS2[30,5] 5130001 5140000
cS2[1,6] 5140001 5150000
cS2[2,6] 5150001 5160000
cS2[3,6] 5160001 5170000
cS2[4,6] 5170001 5180000
cS2[5,6] 5180001 5190000
cS2[6,6] 5190001 5200000
cS2[7,6] 5200001 5210000
cS2[8,6] 5210001 5220000
cS2[9,6] 5220001 5230000
cS2[10,6] 5230001 5240000
cS2[11,6] 5240001 5250000
cS2[12,6] 5250001 5260000
cS2[13,6] 5260001 5270000
cS2[14,6] 5270001 5280000
cS2[15,6] 5280001 5290000
cS2[16,6] 5290001 5300000
cS2[17,6] 5300001 5310000
cS2[18,6] 5310001 5320000
cS2[19,6] 5320001 5330000
cS2[20,6] 5330001 5340000
cS2[21,6] 5340001 5350000
cS2[22,6] 5350001 5360000
cS2[23,6] 5360001 5370000
cS2[24,6] 5370001 5380000
cS2[25,6] 5380001 5390000
cS2[26,6] 5390001 5400000
cS2[27,6] 5400001 5410000
cS2[28,6] 5410001 5420000
cS2[29,6] 5420001 5430000
cS2[30,6] 5430001 5440000
cS2[1,7] 5440001 5450000
cS2[2,7] 5450001 5460000
cS2[3,7] 5460001 5470000
cS2[4,7] 5470001 5480000
cS2[5,7] 5480001 5490000
cS2[6,7] 5490001 5500000
cS2[7,7] 5500001 5510000
cS2[8,7] 5510001 5520000
cS2[9,7] 5520001 5530000
cS2[10,7] 5530001 5540000
cS2[11,7] 5540001 5550000
cS2[12,7] 5550001 5560000
cS2[13,7] 5560001 5570000
cS2[14,7] 5570001 5580000
cS2[15,7] 5580001 5590000
cS2[16,7] 5590001 5600000
cS2[17,7] 5600001 5610000
cS2[18,7] 5610001 5620000
cS2[19,7] 5620001 5630000
cS2[20,7] 5630001 5640000
cS2[21,7] 5640001 5650000
cS2[22,7] 5650001 5660000
cS2[23,7] 5660001 5670000
cS2[24,7] 5670001 5680000
cS2[25,7] 5680001 5690000
cS2[26,7] 5690001 5700000
cS2[27,7] 5700001 5710000
cS2[28,7] 5710001 5720000
cS2[29,7] 5720001 5730000
cS2[30,7] 5730001 5740000
cS2[1,8] 5740001 5750000
cS2[2,8] 5750001 5760000
cS2[3,8] 5760001 5770000
cS2[4,8] 5770001 5780000
cS2[5,8] 5780001 5790000
cS2[6,8] 5790001 5800000
cS2[7,8] 5800001 5810000
cS2[8,8] 5810001 5820000
cS2[9,8] 5820001 5830000
cS2[10,8] 5830001 5840000
cS2[11,8] 5840001 5850000
cS2[12,8] 5850001 5860000
cS2[13,8] 5860001 5870000
cS2[14,8] 5870001 5880000
cS2[15,8] 5880001 5890000
cS2[16,8] 5890001 5900000
cS2[17,8] 5900001 5910000
cS2[18,8] 5910001 5920000
cS2[19,8] 5920001 5930000
cS2[20,8] 5930001 5940000
cS2[21,8] 5940001 5950000
cS2[22,8] 5950001 5960000
cS2[23,8] 5960001 5970000
cS2[24,8] 5970001 5980000
cS2[25,8] 5980001 5990000
cS2[26,8] 5990001 6000000
cS2[27,8] 6000001 6010000
cS2[28,8] 6010001 6020000
cS2[29,8] 6020001 6030000
cS2[30,8] 6030001 6040000
cS2[1,9] 6040001 6050000
cS2[2,9] 6050001 6060000
cS2[3,9] 6060001 6070000
cS2[4,9] 6070001 6080000
cS2[5,9] 6080001 6090000
cS2[6,9] 6090001 6100000
cS2[7,9] 6100001 6110000
cS2[8,9] 6110001 6120000
cS2[9,9] 6120001 6130000
cS2[10,9] 6130001 6140000
cS2[11,9] 6140001 6150000
cS2[12,9] 6150001 6160000
cS2[13,9] 6160001 6170000
cS2[14,9] 6170001 6180000
cS2[15,9] 6180001 6190000
cS2[16,9] 6190001 6200000
cS2[17,9] 6200001 6210000
cS2[18,9] 6210001 6220000
cS2[19,9] 6220001 6230000
cS2[20,9] 6230001 6240000
cS2[21,9] 6240001 6250000
cS2[22,9] 6250001 6260000
cS2[23,9] 6260001 6270000
cS2[24,9] 6270001 6280000
cS2[25,9] 6280001 6290000
cS2[26,9] 6290001 6300000
cS2[27,9] 6300001 6310000
cS2[28,9] 6310001 6320000
cS2[29,9] 6320001 6330000
cS2[30,9] 6330001 6340000
deviance 6340001 6350000
